nodeco = [ ] ; elnode = [ ] ; bdynde = [ ] ; bdyedge = [ ] ;

nodeco =[ -4.0000    4.0000
   -1.8713    1.8713
   -4.0000    2.3094
   -2.3094    4.0000
   -0.8332    2.0115
   -1.0718    4.0000
    0.0000    2.0607
    0.0000    4.0000
    1.0718    4.0000
    0.8332    2.0115
    2.3094    4.0000
    1.8713    1.8713
    4.0000    4.0000
    4.0000    2.3094
   -2.0115    0.8332
   -4.0000    1.0718
   -0.7071    0.7071
    0.0000    1.0000
    0.7071    0.7071
    2.0115    0.8332
    4.0000    1.0718
   -4.0000    0.0000
   -2.0607    0.0000
   -1.0000    0.0000
    1.0000         0
    2.0607         0
    4.0000         0
   -2.9357    2.0904
   -4.0000    3.1547
   -2.9357    2.9357
   -2.0904    2.9357
   -3.1547    4.0000
   -1.5713    3.0057
   -1.3522    1.9414
   -1.6906    4.0000
   -0.9525    3.0057
   -0.5359    3.0303
   -0.4166    2.0361
    0.0000    3.0303
   -0.5359    4.0000
    0.5359    3.0303
    0.5359    4.0000
    0.4166    2.0361
    0.9525    3.0057
    1.6906    4.0000
    1.5713    3.0057
    2.0904    2.9357
    1.3522    1.9414
    3.1547    4.0000
    2.9357    2.9357
    2.9357    2.0904
    4.0000    3.1547
   -4.0000    1.6906
   -3.0057    1.5713
   -3.0057    0.9525
   -1.9414    1.3522
   -1.2892    1.2892
   -1.3593    0.7701
   -0.7701    1.3593
   -0.3536    0.8536
   -0.4166    1.5057
    0.0000    1.5303
    0.4166    1.5057
    0.3536    0.8536
    0.7701    1.3593
    1.2892    1.2892
    1.3593    0.7701
    1.9414    1.3522
    3.0057    1.5713
    4.0000    1.6906
    3.0057    0.9525
   -3.0303    0.5359
   -3.0303    0.0000
   -4.0000    0.5359
   -2.0361    0.4166
   -1.5303    0.0000
   -1.5057    0.4166
   -0.8536    0.3536
    0.8536    0.3536
    1.5057    0.4166
    1.5303         0
    2.0361    0.4166
    3.0303    0.5359
    3.0303         0
    4.0000    0.5359 ] ;
    
elnode = [ 1     2     3     1     2     3
     1     2     4     4     5     3
     5     2     4     4     6     7
     5     6     4     8     6     9
     5     6     7    10    11     9
     8     6     7    10    12    13
     8     9     7    14    12    15
    10     9     7    14    16    17
    10     9    11    18    19    17
    10    12    11    20    19    21
    13    12    11    20    22    23
    13    12    14    24    25    23
    15    16     3    26    27    28
    15     2     3     1    27    29
    15     2    17    30    31    29
     5     2    17    30    32     7
     5    18    17    33    32    34
     5    18     7    35    11    34
    10    18     7    35    16    36
    10    18    19    37    38    36
    10    12    19    39    38    21
    20    12    19    39    40    41
    20    12    14    24    42    41
    20    21    14    43    42    44
    22    16    23    45    46    47
    15    16    23    45    48    28
    15    24    23    49    48    50
    15    24    17    51    31    50
    20    25    19    52    40    53
    20    25    26    54    55    53
    20    21    26    56    55    44
    27    21    26    56    57    58 ] ;
    
bdynde = [ 27     0     0    -1
    21     0    -1    -1
    14     0    -1    -1
    13     0    -1    -1
    11     0    -1    -1
     9     0    -1    -1
     8     0    -1    -1
     6     0    -1    -1
     4     0    -1    -1
     1     0    -1     0
     3     0    -1     0
    16     0    -1     0
    22     0    -1     0
    23    -1    -1    -1
    24     0    -1    -1
    17     0    -1    -1
    18     0    -1    -1
    19     0    -1    -1
    25     0    -1    -1
    26    -1    -1    -1 ] ;
    
bdyedge = [ 58     0    -1    -1
    43     0    -1    -1
    25     0    -1    -1
    22     0    -1    -1
    18     0    -1    -1
    15     0    -1    -1
    13     0    -1    -1
     8     0    -1    -1
     5     0    -1    -1
     2     0    -1     0
    26     0    -1     0
    47     0    -1     0
    46    -1    -1    -1
    49    -1    -1    -1
    51     0    -1    -1
    33     0    -1    -1
    37     0    -1    -1
    52     0    -1    -1
    54    -1    -1    -1
    57    -1    -1    -1 ] ;
    
nVert = 27 ;
    
nedge = 58 ;   