gamma=1000

0.00084078, 0.0042191, 0.0024699 0.00084089, 0.0041775
****************************
1.1163e-05, 0.00058201, 7.7329e-06 2.449e-06, 1.5834e-05
****************************
1.0932e-05, 0.00058177, 3.5906e-08 9.2158e-09, 3.4819e-07
****************************
1.0932e-05, 0.00058177, 2.547e-10 3.9378e-09, 3.3593e-07
****************************
1.0932e-05, 0.00058177, 2.3549e-12 3.9413e-09, 3.3593e-07



gamma=100

0.0081981, 0.040538, 0.024086 0.0081982, 0.040533
****************************
0.00023042, 0.0015621, 0.00071944 0.00023034, 0.0014486
****************************
1.3299e-05, 0.00058664, 3.0504e-05 7.7558e-06, 7.5196e-05
****************************
1.0931e-05, 0.00058178, 1.8886e-06 3.1558e-07, 5.5112e-06
****************************
1.0932e-05, 0.00058176, 1.5342e-07 1.6458e-08, 5.9006e-07
****************************
1.0932e-05, 0.00058177, 1.4198e-08 3.9675e-09, 3.3918e-07
****************************
1.0932e-05, 0.00058177, 1.4127e-09 3.9301e-09, 3.3596e-07
****************************
1.0932e-05, 0.00058177, 1.4791e-10 3.9401e-09, 3.3593e-07
****************************
1.0932e-05, 0.00058177, 1.6072e-11 3.9412e-09, 3.3593e-07
****************************
1.0932e-05, 0.00058177, 1.788e-12 3.9413e-09, 3.3593e-07
****************************


gamma=10
0.066077, 0.31705, 0.19514 0.066077, 0.31705
****************************
0.013995, 0.077137, 0.041728 0.013995, 0.077134
****************************
0.003312, 0.022186, 0.010743 0.0033122, 0.022177
****************************
0.00085987, 0.0074761, 0.0032151 0.00085997, 0.0074523
****************************
0.00024259, 0.0029688, 0.0011174 0.00024252, 0.0029107
****************************
7.5097e-05, 0.001401, 0.00044755 7.4469e-05, 0.0012749
****************************
2.7291e-05, 0.00083372, 0.00019879 2.5177e-05, 0.00059835
****************************
1.4336e-05, 0.00065009, 9.3882e-05 9.4469e-06, 0.00029214
****************************
1.1549e-05, 0.00059919, 4.5942e-05 3.9046e-06, 0.00014631
****************************
1.104e-05, 0.00058609, 2.3022e-05 1.7402e-06, 7.4715e-05
****************************
1.0948e-05, 0.00058277, 1.1756e-05 8.171e-07, 3.8803e-05
****************************
1.0931e-05, 0.00058195, 6.1029e-06 3.9748e-07, 2.046e-05
****************************
1.0929e-05, 0.00058177, 3.216e-06 1.9828e-07, 1.0937e-05
****************************
1.093e-05, 0.00058174, 1.7176e-06 1.0083e-07, 5.9194e-06
****************************
1.0931e-05, 0.00058174, 9.2818e-07 5.2097e-08, 3.2443e-06
****************************
1.0931e-05, 0.00058175, 5.0658e-07 2.7322e-08, 1.8078e-06
****************************
1.0931e-05, 0.00058176, 2.7877e-07 1.4641e-08, 1.04e-06
****************************
1.0932e-05, 0.00058176, 1.5442e-07 8.2708e-09, 6.4294e-07
****************************
1.0932e-05, 0.00058176, 8.5996e-08 5.3359e-09, 4.5478e-07
****************************
1.0932e-05, 0.00058176, 4.8089e-08 4.2323e-09, 3.7738e-07


gamma=1
0.23986, 1.0976, 0.73768
0.23986, 1.0976
****************************
0.16556, 0.77384, 0.4948
0.16556, 0.77384
****************************
0.11623, 0.56085, 0.34184
0.11623, 0.56085
****************************
0.082926, 0.41623, 0.24294
0.082926, 0.41623
****************************
0.060053, 0.31498, 0.17707
0.060054, 0.31498
****************************
0.044082, 0.24215, 0.13184
0.044082, 0.24214
****************************
0.032752, 0.18855, 0.099901
0.032752, 0.18855
****************************
0.024595, 0.14839, 0.076772
0.024596, 0.14839
****************************
0.018645, 0.11787, 0.059679
0.018645, 0.11786
****************************
0.014253, 0.094403, 0.046836
0.014253, 0.0944
****************************
0.010975, 0.076204, 0.037061
0.010976, 0.0762
****************************
0.0085074, 0.061981, 0.029545
0.0085076, 0.061977
****************************
0.0066335, 0.050793, 0.023717
0.0066337, 0.050789
****************************
0.0052004, 0.041939, 0.019168
0.0052005, 0.041934
****************************
0.0040972, 0.034891, 0.015595
0.0040973, 0.034885
****************************
0.0032431, 0.029248, 0.012774
0.0032432, 0.02924
****************************
0.0025784, 0.0247, 0.010536
0.0025786, 0.024692
****************************
0.0020587, 0.021012, 0.0087507
0.0020589, 0.021003
****************************
0.0016506, 0.018, 0.0073197
0.0016508, 0.017989
****************************
0.0013289, 0.015522, 0.0061662
0.001329, 0.01551
****************************
0.0010742, 0.013467, 0.0052308
0.0010744, 0.013454
****************************
0.000872, 0.011751, 0.0044675
0.0008721, 0.011735
****************************
0.00071082, 0.010305, 0.0038403
0.0007109, 0.010288
****************************
0.00058193, 0.0090792, 0.0033213
0.00058199, 0.0090597
****************************
0.00047852, 0.0080314, 0.0028886
0.00047856, 0.0080096
****************************
0.00039527, 0.0071301, 0.0025252
0.00039529, 0.0071058
****************************
0.00032804, 0.0063502, 0.0022177
0.00032802, 0.0063231
****************************
0.00027355, 0.0056715, 0.0019556
0.0002735, 0.0056413
****************************
0.00022924, 0.0050781, 0.0017308
0.00022914, 0.0050445
****************************
0.00019307, 0.004557, 0.0015366
0.00019292, 0.0045198
****************************
0.00016343, 0.0040979, 0.0013681
0.00016323, 0.0040566
****************************
0.00013906, 0.0036922, 0.0012209
0.00013878, 0.0036464
****************************
0.00011892, 0.0033327, 0.0010919
0.00011858, 0.003282
****************************
0.00010223, 0.0030135, 0.00097829
0.00010179, 0.0029574
****************************
8.8316e-05, 0.0027298, 0.0008779
8.779e-05, 0.0026678
****************************
7.668e-05, 0.0024772, 0.00078893
7.6048e-05, 0.0024088
****************************
6.6903e-05, 0.0022522, 0.00070985
6.6154e-05, 0.0021768
****************************
5.8654e-05, 0.0020517, 0.0006394
5.7775e-05, 0.0019687
****************************
5.1666e-05, 0.0018731, 0.00057652
5.0645e-05, 0.0017819
****************************
4.5724e-05, 0.0017141, 0.00052029
4.4546e-05, 0.0016138
****************************
4.0655e-05, 0.0015725, 0.00046992
3.9305e-05, 0.0014626
****************************
3.6318e-05, 0.0014467, 0.00042475
3.4781e-05, 0.0013263
****************************
3.2598e-05, 0.001335, 0.00038419
3.0858e-05, 0.0012035
****************************
2.9402e-05, 0.001236, 0.00034774
2.7442e-05, 0.0010926
****************************
2.6653e-05, 0.0011486, 0.00031494
2.4457e-05, 0.00099255
****************************
2.4288e-05, 0.0010715, 0.0002854
2.1838e-05, 0.00090212
****************************
2.2254e-05, 0.0010037, 0.00025878
1.9534e-05, 0.00082037
****************************
2.0506e-05, 0.00094427, 0.00023478
1.7501e-05, 0.00074641
****************************
1.9006e-05, 0.00089239, 0.00021312
1.5701e-05, 0.00067947
****************************
1.7722e-05, 0.00084724, 0.00019355
1.4104e-05, 0.00061885
****************************
